Type,size,time,misses

ArrayMap,5000,1096195,4159
RandomizedTreeMap,5000,1132504,4159
RWayTrieMap,5000,474003,4159
ArrayMap,50000,11293811,40112
RandomizedTreeMap,50000,10260307,40112
RWayTrieMap,50000,2921804,40112
ArrayMap,100000,25745727,80382
RandomizedTreeMap,100000,24739381,80382
RWayTrieMap,100000,5648866,80382
ArrayMap,150000,30826090,120308
RandomizedTreeMap,150000,32512939,120308
RWayTrieMap,150000,7036061,120308
ArrayMap,200000,41369257,159377
RandomizedTreeMap,200000,40265197,159377
RWayTrieMap,200000,9348273,159377
